86

8001100100010, 978.
8001110000, 975.
800100006000, 978.
800006 wilh 148.
8000100, 98.
80101 10, 159.
8010800003, 978.
Spodur ‘Phoe' 10, 199.
Spygumel 111011010οε, 119.
staff: 0001110100, 180.
staff: vicecomes, 180
810100* 88, 91,·,99.
81000 J oh' (10, 99.
8100101000 magister 84301· de, 198.
810001 001000 60, 61.

,, Will' 60, 61.
Stodworlangus, 956. ,
8100001, 19.

Stephanus 01011000, 44.
,, presbyter, 179.
,, rex, 7.

,, pater 11100101, 950.
,,000

8100100108, 157.
81010ι 46.

,, Petrus 60, 47, 48.
81010 subtus Hameden, 194.
810100 aad: 77.
stowe, 919.

8100601103,801το801γο0811,1κ1001(1
60, 967, 996, 804, 305.

,, Eleus (10, 996, 304.
810010 Florida abbas 60, 106.
81113011, 98, 77, 199.
81001090000110 60, 8.

810110 Will' 120.

sturmi, 1111000149

,, χΔι89.

,, 0001000048.

,, (1189.

,, affl· 95, 90, 88, 56.
,, M: 89.

,, 11099.

,, Roget, 95, 90, 89, 40, 55,
81001001009180·

stywarde 10050110, 949, 950.
,, 1003949, 950.

80001οἁ0000, 941.

8000010000, 988.

80100010, 993.

80600011, 994. ,

ende Bad: 167.

801110, 107, 970, 989, 809.
,, Henriousdo, 108.

,0000000
· 1000.

,, 'Phoe' 60, 99, 110.

,, 910110100,0100001000,86, 87,
44, 45, 59, 68, 90, 101,
107, 108, 110,146,149,
158, 969, 995.

80001084.
801100 J oh' de, 974, 975.
,, 10000100 60, 974, 975.
8010001110, 84.
8000110 ab David, 96.
Suypodfille, 161.
9000000, 957.
,, 000101101οι10, 68, 64.
,, 5010) de, 958.
,, magister 1010900, 958.
8010000000 Joh’ de, 88.
’80010001 1100 do. 0100000100, 68.

 

