34

25155155, iil: Rcbcrti, 295. ’

,, ,, 255551, 4, 5, 37.

,, 55555155511555 43.

,, 55 sigillo, 4.
21555555 pater 77511551, 5.

,, fil: willvi, 23.

,, ., 555511501556

11.
2551555 35155555, 297.
2551555155 fii: Rog: 4.
Roget: 56555 55 Mcrg: 50.
, ,, ,, 11555155 10, 20.

ἰ, 555555 55 Dincs Poyc, 145.

,, 1110555199.

,, cellararius 15 Mcrg: 39, 44,

,, 1125155576

,, ,, 25555555555555115553

12.
,, 55 75555, 255, 256, 272.
,, 5551515570.
,, fil: Nesto, 39.
‚‚ 55155 Petri, 95, 115, 116.
.. ,, 25155115.
, ,, 9115555, 61, 66.
Rog’s 55 1155511531.
2555512515· 55, 48.
25555555, 47.
2511551101.

251555555515, Gaui: archicpcc: 4.

251155 Rcb', 31.
Rugois, 244.

,, 252555555555555511555

44.
Ruly Herbcrius 55, 119.
25516515 1515, 144, 204.

,, Ricardum 110, 111, 164,

166, 167.

25151515 Rcb’, 151. .
2551555 parociae, 190.
,, fiumen,190.
2555 wido 55, 13, 26.
255551 Thomas, 104, 121.
2555115155, 240.
2511555, 231, 232.
cyna, 271.
25555 Ricardum 201.
,, 77555515, 201.

3.
S: clericus 5515 Wigcrn: 25.

35511515 Η5ι5555; 162.
3515565515 25555555 55, 4.

’ 35155 comitatus, 130.

35155 vicecomes, 130.
3555555 iii: Goldwin: 75.

,, 251)”69,76,194.
3556555555, 252.
3555551511, 201, 202.
3551555 Amcb: 55, 34.

,, 2511555103.

,, , 155155ε55,117,113.

,, 21515155555,109,110,117.

,, 25555 55, 119. ·

‚, 'Phoc' de, 34, 55, 61.

’ 35555515, 60. .

3555515555515, Rog: 5515 4.
35555551, 59.
35555515655115, 6. 7. 59.
3515115515, 104.
3555551551511515, 249, 250.

,, Bcgcr 15, 249, 250.
concie, David rcx= 4.

Ι cerei 255 34.

 

