12

eanfridus, Joh’ 61166, 98.

,, 1111Κ6611111,5,
,, pater 06661, 168.
,·, fil: Petri, 145, 146.
n Rogflf, 79.
(1616 Morgan: 71, 79, 81.
(16666611, 95.

(16161661 capellanus, 7.

(161666 aqua 66, 56, 78,101,127. ξ

- 238.
Garthmaylok‚ 231,

(16166666 Rio' 66, 95.

1166111666 cancellarius, 4.

„ mon: 66116111, 69, 194. 1

(1616111616, 62.

(166111 1716161666, 202.
Georgius 81¹, 267, 276.

Georgio 11166 66 810, 32.
(1616661166 fil: 11616111, 49-51.
(1611661616 mon: de N 6111, 42.
(11166616 71111, 162.

(11116161 1611, 257.

Git’ Henricus, 160.

(1111616 J 611ι 66 8666661616, 666·
ἓέἒ2ὲὲὲ213215220, 222,

(1111161166, (1616161166, (11616161166
abbas (1166619.

„ 066161166611,]14.
,, capellanus, 26, 159.

,, 6161Ξέ666611616-666116,

,, 1616666111.
,, 116161 76166666, 266.
,, episeop’ Lond: 19.

‚, 11116616269 Marg: 61. 127.

ζ (1111161166 66116111, 82.

,, 666161616611616-666116
’ 89-41.

,, 61εΡ6111,46,,
,, 6616171611611, 60. .

j 61161116. .
. (1161611116, 47.
1 Glamorgan, Glanmotgam (11661-

16612, 1, 18,Ι 27-29, 34,
86, 97, 51-66, 07,
62, 63, 74, 86,-
QQQQQ
107, 109, 117,118,
129, 191,198, 196,
205, 209, 212, 218,
220, 228, 249, 251,
271, 274, 276, 278,

, 279, 281, 289, 290,
292, 295, 297, 299,
800306,

„ ffimQQffim
,, vicecomes 66, 2, 4, 8,
9, 12, 39, 40, 44,
63, 69, 89, 92,
100, 110145, 158,
161161, 111, 111,
261, 260, 269, 274,
275, 292, 295, 296.

(1166111116 aad: 66, 27, 29, 31.
(116616661166 66, 2.

,, 81· 11611666, 2.
(11616 rivulus. 285.
(1166, presbyter 66 Nomius, 89.
(1166666166, 9, 45, 86.

,, ,611666161116116,’5,7,
611-16, 16, 61,
78, 117, 121.

,, comes, 80, 56, 84, 167,
208, 269, 285.

(1166611111 11166616 66, 61.

 

