114644 nand: 4441416144, 16, 17, 16,
66, 60, 61, 76.

,, 1446414444416.
,, opino: 1. 6.

7.

741444 zvar, 96.

7441444 Η444’, 194, 118.
74314444 Petrus, 191.
741 6111444144 de, 66,

74141464, 64144114 114444 de, 444-
- 414641 11, 1616-
17, 19-61, 63.

,, 77444414 414, 66.
74444414, 199.
74431444 1444444141) Agmth, 69.

veel, v013÷51³0m ιο, vicenum.

,,11464414414,64111444, 191.
,, ,,4144444444, 161.

7414414414ξδ4ἑ444 4444711411ΙΙι 161,

,, 1114444144, 77.

,, 71111161, 161.
7444] 6441144 64, 64, 66.

,, 14464114 414, 141.

,, 77111· da, 140.
741441444144 Petra· 414, 116.
74144 villa, 66, 46.

711444, Vfflrs Η4441444 64, 60, 99,

,, Hugo 14, 76.

,, 141444ι 64, 166.
71114 77411441 98, 99.
7441444 Μ41444, 118.
7441444 1144344106.
7441446, 171, 174, 176.

7411 114141ῃὲ3 6464114464 6114451160,

. v0510 Joh’, 444, 444, 444.

W.

W: 6444444 7144411, 46.
71441444 Res: 84.

wok Gwido, 194.
71414444414,160.
7741414 Adam, 161.

714144444, (14144444, 6, 4,9, 11, 16,
1114671111 116
164.196,110,116,161,
166140, 141, 144147,
146,179,166.

walensis Adam: 96, 106, 110.

,, Reatinus, 66, 60.

,, Riemann, 66.

,, 71111314.
77414444 Bois, 41.
1741444441 Rob' 69.

,, ’1444144144466
7741414141* 14, 101.
walkelinus, 11.
7741144444174.

71411141, 11, 11, 17, 6667,76
107, 169, 111, 110, 116,
196, 196, 197.

,, 64116 44144444, 110.
7741141 14144444, 106.

,, 94114401.

,, 77111’144,104,106.
77414441446, 169.
1741144 abban ‚de 114114, 61.

,, 6141441101101.

,, landav: 444144, 41.

,, 4444114444,70,169.

 

