11

11666666, 611616 66, 166, 167, 189.

,, 4661118621166666, 176176,

.. 0661116 66, 170,-173,
176, 176.

,, (116611ἑὲ6 66, 166, 166,

,, 66611οᾷιὲ6 66, 61, 36, 70,

,, Endos: 66, 181.
,, J oh' 66, 173,174.
,, 116666 66, 180.

,, Mauricius 66166166,
{gg-176, 181, 186,

,, 1111116671 66, 163, 166, 166

,, 1116666, 170.
,, Walter vicarius 66, 177.
,, 7761166666, 184, 186.

,, 1666666,166,167,169,
{g} 174,176, 180,

,, 16666666,169,170.

1166661166, 179, 180.

,, Alex: 66, 180.
116661* 0: de, 17.
huddredo, 6.
1666666611, 37.
1166666116, 676.

116616)1 capella 66, 14.
1166666666, 183.
-Lange Adam 16, 660.

,’, Joh', 308, 309.
1663661611, 666.
1166361666 Hugo 66, 677.
1666616666, 673.
1663666611, 668, 664.

1666611166, lfflefflnp, 164, . 171,

,,’ 61161666, aes-msa

⁸„Jm4mm

686-688, 306.
,, will· 66, 606.
1166366, 46, 88, 108.
1663616666, 673.

memet. 1666666111, 116, 137.
687, 688, 663.

,, 66611616 66, 669.
1166311611 77111 decan: 66, 61.
1166111116, 108, 664, 666.
1166116136, 666
mitid 7711166107, 149, 144.

1661161666, 7, 9,11-14,16-13,
66, 46, 49, 60, 117, 668.

,, 666166 gu 0666666, 7, 16
14, 17-19, 66, 166.

n Hugo do, 44, 46, 47.
,, 76116641.

,, 1166366666, 44.

,, 616166, 41.

,, 1161166166 66, 46.

n 86816816811811811116 (10,ss
,, 771116161166666, 41.
1661166666176.
1166116166169.
Ian Lender. 136.
116661616108. “
1166661166 capella 66, 61.
1166666116, 686.
1661116666,111,116,643 ·
,, autmundo, 943, 644.
1666611, 116.

largus 17166· 667.

16111666 6116611666, 61.
athelstano capellada, 91.

 

