Scurlngge 6666666, 964. ·

,‚ 116616, 46.

,, 11666666, 268.

,, Phil: 916, 968, 966, 987.

-,, 81666666, 966, 987.

,, Thou, 964.

,, will’ 46,108.
866666 Iso: 86.
Segia Engo, 186,
86666 molend: 66, 90.
8616616166, 76.
86166616866’,206. ·
8666610061, 110.
8611666 (961616, 167,

,, 666, 166-66, 666, 666.

,, 0061666. 166.
86166616 66.
861616 Maketa, 210, 211.
866316666 Bob’ 66, 809.
8666166666, 109,196, 186188.
.. patris. 66. 66.
,, supra Gaagh. 949.
“ ,, subtus (16636, 949.
86666666 0061666, 169.
8666666 66 Kedmor, 95.
8666616 Roget, 144.
says Joh', capellanus, 988, 989.
,, 66666666, 77.
,, 116666, 77,
8666666611 Adam 66, 976.
8161116 uxor B. F. Η6666616, 1. 9.
sigillo Rob' 66, 4.
Sigyr Tho's, 973.
81116 06, 144.
811666 61661666 opis: Wigom: 26.
816666 Daniel, 108, 110, 960, 967.

8166661666666,986. ’,

,, 6616116611.

n 81666666, 86, 06, 966, 979.
,, Thomas, 979.

,, 07666666, 40.

,, willielmus, 148.

. ,, 0016666666, 979.

8166661616666, 979.
8166 Aker, 181.
8666666666, 807.
86666166, 978. ⁴
8666666616, 996.

,, 6166666666196.
86666666 1666116 66, 966-967,
,, 1166166166666966-267.
8666668666τί, Adam 66, 169.
,, R· 66, 70.

,, Bul· 66, 94, 84, 86, 296.

,, 666 de, 66, 166, 109, 145,
QQQMQ
mmm

,‚ Boglzrfs 66, 9, 91, 98, 120,

,, 0611, 188, 194.
Sorry Thos' 66, 291,
86666666666071111, 192, 198.
86666 Η666166616, 976.

,, 666666616, 991, 999.

,, 8666666616, 60, 991.

,, Μ616616, 309.

,, Mattheus 16, 291, 801, 806.

,, 06616, 4.

,ΜἪΜΜΜΜ

,, 86666666 16, 9, 991, 999.
,, 0111116, 98,99,107, 169.
8616611, 990.

 

