2

Alget, J ο11·, 210, 211.
Alius 6616111666 176111, 191.
61111616, 86666666, 59, 60.

,, 17111166 60.
6116611 011611· 26.

6116611, Rob: de, dapifer, 11.
6166166, 284
61166 Busche, 256.
Aluus, silva, 190

„ 16116661116166, 15, 74.
61116161 66161 J 0h¹. 75.

,, will· fil: 155.
61116666 8116 David, 302.
Ameriduk, Howsl, 84.
6666661116 Rsu: 66, 118.

, 6666116, Ad: 76.

66663666, comes, 73.
6661666 St· ds Dinuspoys, 155.
,, 6611116161, 256.

„ aurifer, 262.

,, Wigornis 6111166, 25.

666116, 6661161, Angli, Anglis, 3, 6,
7, 9,11, 12, 13, 24, 2533,
36, 45, 69, 63, 64, 73, 111,
119, 139193, 232, 279,
285, 297.

,, Η66· 66 172-174,176-
178, 164.

,, John· 66 178.
6661161161, 252, 279.
6666 1611· 66, 305.
6666166666, 215.

Auri Andr: 256.
,, J 6116· 256.
Antonius monachus, 254.

· 6616666666166666661661666, 79.

,, 61) 166666, 79.

66166616, 299.
Aquila Riu· ds, 4.
Aquitanis Dux, 73, 132, 139.
6161161611 77· 66, 301.
6166161616666, 273.
61116666 66 771666, 203. ,
66661166 J 611·, 120.
66666111 661616 sps: 66 82, 139.
6661166 pst: Helie, 40.
66666666 fil: Godwuldi, 187.
6661 66661666 66 81· Η116116, 44.
Augustinus Suu, 61.

,, 6616666611, 182.

,, R. Abbss, 25.
66166116 0161666116666, 25.

61666, 6166, 61666, 46, 81, 84, 96,
{321³ ἐξ, 270, 282, 302,

ι. ⁸333. 6611116, 21, 60, 71.

1 ,, , 6661661 66, 85, 209.
Ι66116116 66, 282.

61666, J oh· 66, 270, 282, 289, 291,
801-303, 305, 307, 308.

,, Lyssn 66, 84, 210, 302.
,, Murg‘ 66, 307.

,, mariscus 66, 47, 61, 807,
,, 6166661112.

,, senescallus 66 85, 209.

,,· 7116666 282, 302-304,
306, 307.

,, will· 66 sou-304.
Aylurd, ,17671616661666163661166

6616661111, 146116, 161, 166,
164, 166, 166.

666 6666666166, 2.

 

