mgb 5555 85. 125.
Galama 55555 85, 146, 147.
0555555 Rem 85, 32.
0555117 7558155115, 140.
05555855, 31.

055555, 1112555555, conver: 85 Marg:

05555, 5155155, 103, 105.

,, Ad: 253.

,, pater 05155115, 71.

,, 755, 253.

,. Bob: 253.
0555511555 85 11555815, 301.
05555115515505515 4.
candos Rob: 85, 5.

05555555, 55555155, 111555 85,
122, 128.

,, Rio· 85, 198.

055125ροὰὒ5ὲ57151ἑ5ἑ5555115585155
5, , .

05551555, J oh’ 85, 267,
,, 1655558576, 185.

,, 055555 85, mon: 85
Μ553ι79, 127.

,, 11585 85, 101.

,, Rob: de, 55555555 15,

3115195, 206, 207,

,, Thon: 85, mon: 85
11115555579, 127.

,, 71117 85, 64, 55, 91,
101, 107,

1 (155557 77117 85, 75.
0555555115, 124.

0555555555278, 281.
0555555 archiep: 19. .

,, H. archiep: 33, 47.
01511101·- Βίο’ 07611190, 265

,, 2555551855 5555155514.
,, 77117 archiep: 4.
0555115108.
0555855, Κ555855, 51, 61, 66.
05581355, 278, 231.
05511 Simon 85, 25.
,, 7711785, 25.
0551155, 11551155, 11551185, 29.
,, 1155355 85, 68.
055555555115811 11155· 85, 284.
0555555155116.
055555, 1155555, 55515576.
05551 Gaui: 85, 74.
0551155, 272.Ι
05511155 Petrus, 33.
05555 Joh· 141.
,, 77111· 141.
0155155555, 555555 85, 86.
0555555 Rob: 15, 149.

055558552ξ56553ξ7855155555555274,

05515555515557, 5515555555, 25, 32.

,, Μ15555185, 39.
0550555555, 141.
05555155, 5185 11555153.
0555515151155· filius, 39.

0155515655 55 115 811 05355185, 21.
,, 7ο ’85, 274, 275.

0511555115, Hen': 85, 192.
0555555555, 160.
Christeehureh, 0555555555, 68

,, 145833515514555 85,

christophorus 5555115555164155.
0555555Μ
0155109.

 

